#MiSTI ver 0.3
ST	0
MS	0
ME	0
MU	0.0	0.0
TR	0.093013	0.00866
SFS	0.26271535313289124	0.04774903318552846	0.26271535313289124	0.19099613274211383	0.09403754731052337	0.04774903318552846	0.09403754731052337
DSF	0.23263873713134442	0.09684181408279277	0.3338325426573169	0.11183764171081083	0.09800694319580643	0.07025628967787444	0.056586031544054255
RS	0	0.4545470057458834	0.4545470057458834
RS	0.008301	0.4545317320807994	0.4545317320807994
RS	0.008811082343328353	0.4545473584765123	0.4545473584765123
RS	0.017292	0.45453280588111394	0.45453280588111394
RS	0.018349832292260223	0.45454774518812313	0.45454774518812313
RS	0.027028	0.4545339588240849	0.4545339588240849
RS	0.028673950361777386	0.45454817823113963	0.45454817823113963
RS	0.037573	0.5142231773095854	0.5142231773095854
RS	0.039850753819358584	0.7750280332022228	0.7750280332022228
RS	0.048994	0.7744953334979887	0.7744953334979887
RS	0.05194755993248256	0.7750513894204738	0.7750513894204738
RS	0.061362	0.615012385443284	0.615012385443284
RS	0.06504343977723545	0.4838400913750564	0.4838400913750564
RS	0.074757	0.48372593824453225	0.48372593824453225
RS	0.07921853295775859	0.483847328910428	0.483847328910428
RS	0.089265	0.5665665760411217	0.5665665760411217
RS	0.09456259583069032	0.5542368156024593	0.5542368156024593
RS	0.104976	0.5542316769159267	0.5542316769159267
RS	0.1111717959210003	0.5542373112478558	0.5542373112478558
RS	0.121992	0.7614855280681047	0.7614855280681047
RS	0.12915084897809984	1.0259506196553159	1.0259506196553159
RS	0.14042	1.025944318724648	1.025944318724648
RS	0.1486130189758421	1.0259516352854783	1.0259516352854783
RS	0.160378	1.1162577153345763	1.1162577153345763
RS	0.16968011811252193	1.2862453062210035	1.2862453062210035
RS	0.181993	1.2862445303023124	1.2862445303023124
RS	0.19248357533893112	1.2862455640548598	1.2862455640548598
RS	0.205402	1.24250301332876	1.24250301332876
RS	0.21716764194252416	1.2715010014272674	1.2715010014272674
RS	0.230754	1.2715008076029135	1.2715008076029135
RS	0.2438883230193629	1.2715013171474787	1.2715013171474787
RS	0.258211	1.2741803692504352	1.2741803692504352
RS	0.2728112404180061	1.29114638594929	1.29114638594929
RS	0.287947	1.2911472541094724	1.2911472541094724
RS	0.30412018096395127	1.2911471358114774	1.2911471358114774
RS	0.320152	1.3408612465513141	1.3408612465513141
RS	0.3380106852913034	1.3781829328650521	1.3781829328650521
RS	0.35503	1.3781842800414936	1.3781842800414936
RS	0.3746953904830508	1.3781834869400018	1.3781834869400018
RS	0.392803	1.391600718948131	1.391600718948131
RS	0.41440616712717576	1.3593714492789826	1.3593714492789826
RS	0.433712	1.3593714523982385	1.3593714523982385
RS	0.4573909137324891	1.3593714502207006	1.3593714502207006
RS	0.478017	1.2926148848082966	1.2926148848082966
RS	0.5039199678969607	1.190994670279644	1.190994670279644
RS	0.526	1.19099833934327	1.19099833934327
RS	0.5542871748357756	1.1909956159207686	1.1909956159207686
RS	0.577967	1.0872499006840592	1.0872499006840592
RS	0.6088066817971681	0.99681158119189	0.99681158119189
RS	0.634247	0.9968157562190673	0.9968157562190673
RS	0.6678225548149184	0.9968125748148294	0.9968125748148294
RS	0.695199	0.9167992512803704	0.9167992512803704
RS	0.731705573124187	0.8603659058595227	0.8603659058595227
RS	0.76121	0.860366871233033	0.860366871233033
RS	0.8008564347456808	0.8603661287020934	0.8603661287020934
RS	0.832702	0.8206668796962544	0.8206668796962544
RS	0.8757089620698183	0.7922308029225616	0.7922308029225616
RS	0.910129	0.79223084932634	0.79223084932634
RS	0.9567354444970059	0.7922308136854636	0.7922308136854636
RS	0.993982	0.7790231954870189	0.7790231954870189
RS	1.0444423643254168	0.7700884166143497	0.7700884166143497
RS	1.084797	0.77008845559959	0.77008845559959
RS	1.1393832190876545	0.7700884259641377	0.7700884259641377
RS	1.183151	0.769689983340908	0.769689983340908
RS	1.2421521103824198	0.7720229121371693	0.7720229121371693
RS	1.289669	0.7720231938741889	0.7720231938741889
RS	1.3533954976831197	0.7720229837048239	0.7720229837048239
RS	1.40503	0.7731962186422378	0.7731962186422378
RS	1.4738132668659223	0.7788285877225759	0.7788285877225759
RS	1.529967	0.7788298219042488	0.7788298219042488
RS	1.6041608672658663	0.7788289270785795	0.7788289270785795
RS	1.665275	0.7842228279952472	0.7842228279952472
RS	1.7452578599013042	0.7919966726705471	0.7919966726705471
RS	1.811816	0.7919988213833478	0.7919988213833478
RS	1.897990054530012	0.7919973269261245	0.7919973269261245
RS	1.970521	0.8163870647330198	0.8163870647330198
RS	2.063316989345575	0.8428463226172729	0.8428463226172729
RS	2.142402	0.8428491094836985	0.8428491094836985
RS	2.2422772736176664	0.842847286105079	0.842847286105079
RS	2.32855	0.8941662451263145	0.8941662451263145
RS	2.4359949988603744	0.9586857405022001	0.9586857405022001
RS	2.530152	0.9586927974995815	0.9586927974995815
RS	2.645688287056648	0.9586885933269583	0.9586885933269583
RS	2.748488	1.0399174067383827	1.0399174067383827
RS	2.8726724962424606	1.1303670265556125	1.1303670265556125
RS	2.98495	1.1303739115721125	1.1303739115721125
RS	3.1183751798995845	1.1303704086544946	1.1303704086544946
RS	3.241041	1.2245539886926204	1.2245539886926204
RS	3.3843403610678084	1.29307076782972	1.29307076782972
RS	3.518391	1.2930708296856885	1.2930708296856885
RS	3.6722370805693827	1.29307080681508	1.29307080681508
RS	3.818764	1.3547007271946228	1.3547007271946228
RS	3.9838743564017935	1.3808007139035374	1.3808007139035374
RS	4.144073	1.3808092414510007	1.3808092414510007
RS	4.32121186901831	1.380808252415933	1.380808252415933
RS	4.496386	1.3828850106121726	1.3828850106121726
RS	4.686366372496318	1.3912413001009833	1.3912413001009833
RS	4.877946	1.3912458460570933	1.3912458460570933
RS	5.081633065098428	1.3912480462601653	1.3912480462601653
RS	5.29118	1.3508321497626279	1.3508321497626279
RS	5.5094952060249645	1.357481416672043	1.357481416672043
RS	5.738719	1.3574815424633464	1.3574815424633464
RS	5.972640143334804	1.3574819936051712	1.3574819936051712
RS	6.223408	1.3141074752534374	1.3141074752534374
RS	6.4739774789223015	1.3291771636702814	1.3291771636702814
RS	6.748333	1.3291693295227944	1.3291693295227944
RS	7.016658302022299	1.329210708726983	1.329210708726983
RS	7.316834	1.3867162246095577	1.3867162246095577
RS	7.604089080074829	1.4625969255112876	1.4625969255112876
RS	7.932528	1.4625533576540326	1.4625533576540326
RS	8.239962646038727	1.4626610883125475	1.4626610883125475
RS	8.599333	1.4625979630060668	1.4625979630060668
RS	8.92827208925634	1.4627313050516366	1.4627313050516366
RS	9.32149	1.4626454938587807	1.4626454938587807
RS	9.673342811295196	1.4628081424334278	1.4628081424334278
RS	10.103597	2.003609128581582	2.003609128581582
RS	10.479853896509091	2.43943546441811	2.43943546441811
RS	10.950628	2.4390206856308456	2.4390206856308456
RS	11.352873373463925	2.439703817181587	2.439703817181587
RS	11.867974	2.4391881274039613	2.4391881274039613
RS	12.297885996667134	2.4399974009447747	2.4399974009447747
RS	12.861472	2.4393663435018818	2.4393663435018818
RS	13.320827439465452	2.440318562338377	2.440318562338377
RS	13.937443	2.4395559739050388	2.4395559739050388
RS	14.428123829582962	2.4406698596508867	2.4406698596508867
RS	15.102733	2.43975769571929	2.43975769571929
RS	15.62673235318719	2.4365885470944604	2.4365885470944604
